4294967293,131
4294967293,130
4294967293,129
4294967293,128
4294967293,127
4294967293,126
4294967293,125
4294967293,124
4294967293,123
4294967293,122
4294967293,121
4294967293,120
4294967293,119
4294967293,118
4294967293,117
4294967293,116
4294967293,115
4294967293,114
4294967293,113
4294967293,112
4294967293,111
4294967293,110
4294967293,109
4294967293,108
4294967293,107
4294967293,106
4294967293,105
4294967293,104
4294967293,103
4294967293,102
4294967293,101
4294967293,100
4294967293,99
4294967293,98
4294967293,97
4294967293,96
4294967293,95
4294967293,94
4294967293,93
4294967293,92
4294967293,91
4294967293,90
4294967293,89
4294967293,87
4294967293,86
4294967293,85
4294967293,84
4294967293,83
4294967293,82
4294967293,81
4294967293,80
4294967293,79
4294967293,78
4294967293,77
4294967293,76
4294967293,75
4294967293,74
4294967293,73
4294967293,72
4294967293,71
4294967293,70
4294967293,69
4294967293,68
4294967293,67
4294967293,66
4294967293,65
4294967293,64
4294967293,63
4294967293,62
4294967278,132
4294967278,131
4294967278,130
4294967278,129
4294967278,128
4294967278,127
4294967278,126
4294967278,125
4294967278,124
4294967278,123
4294967278,122
4294967278,121
4294967278,120
4294967278,119
4294967278,118
4294967278,117
4294967278,116
4294967278,115
4294967278,111
4294967278,110
4294967278,109
4294967278,108
4294967278,107
4294967278,106
4294967278,105
4294967278,104
4294967278,103
4294967278,102
4294967278,101
4294967278,100
4294967278,99
4294967278,96
4294967278,93
4294967278,64
4294967278,62
4294967278,61
4294967278,60
4294967278,59
4294967278,58
4294967278,56
4294967278,55
4294967278,53
4294967278,52
4294967278,21
4294967278,19
4294967278,14
4294967278,13
4294967278,12
4294967278,11
4294967278,10
4294967278,9
4294967278,8
4294967278,7
4294967278,6
4294967278,5
4294967278,4
4294967279,129
4294967279,128
4294967279,127
4294967279,125
4294967279,123
4294967279,122
4294967279,120
4294967279,114
4294967279,113
4294967279,98
4294967279,94
4294967279,93
4294967279,92
4294967279,91
4294967279,90
4294967279,89
4294967279,87
4294967279,86
4294967279,85
4294967279,84
4294967279,83
4294967279,81
4294967279,80
4294967279,78
4294967279,77
4294967279,75
4294967279,74
4294967279,72
4294967279,70
4294967279,9
0,5
151,4
4294967294,952
147,862
147,861
147,860
147,859
147,858
147,857
147,856
147,855
147,854
147,853
147,852
147,851
147,850
147,849
147,848
147,847
147,846
147,845
147,844
147,843
147,842
147,841
147,840
147,839
147,838
147,837
147,836
147,835
147,834
147,833
147,832
147,831
147,830
147,829
147,828
147,827
147,826
147,825
147,824
147,823
147,822
147,821
147,820
147,819
147,818
147,817
147,816
147,815
147,814
147,813
147,812
147,811
147,810
147,809
147,808
147,807
147,806
147,805
147,804
147,803
147,802
147,801
147,800
147,799
147,798
147,797
147,796
147,795
147,794
147,793
147,792
147,791
147,790
147,789
147,788
147,787
147,786
147,785
147,784
147,783
147,782
147,781
147,780
147,779
147,778
147,777
147,776
147,775
147,774
147,773
147,772
147,771
147,770
147,769
147,768
147,767
147,766
147,765
147,764
147,763
147,762
147,761
147,760
147,759
147,758
147,757
147,756
147,755
147,754
147,753
147,752
147,751
147,750
147,749
147,748
147,747
147,746
147,745
147,744
147,743
147,742
147,741
147,740
147,739
147,738
147,737
147,736
147,735
147,734
147,733
147,732
147,731
147,730
147,729
147,728
147,727
147,726
147,725
147,724
147,723
147,722
147,721
147,720
147,719
147,718
147,717
147,716
147,715
147,714
147,713
147,712
147,711
